,HDI Rank (2017),Country,2009,2010,2011,2012,2013,2014,2015,2016,2017
0,168,Afghanistan,0.359,0.371,0.382,0.390,0.398,0.406,0.410,0.410,0.415
1,68,Albania,0.652,0.673,0.693,0.730,0.732,0.733,0.733,0.742,0.745
2,85,Algeria,0.608,0.626,0.644,0.652,0.660,0.661,0.662,0.663,0.664
3,35,Andorra,0.661,0.662,0.663,0.715,0.715,0.716,0.715,0.714,0.714
4,147,Angola,0.404,0.398,0.423,0.435,0.447,0.460,0.472,0.487,0.498
5,70,Antigua and Barbuda,0.672,0.667,0.659,0.663,0.669,0.669,0.676,0.676,0.676
6,47,Argentina,0.775,0.802,0.807,0.805,0.804,0.808,0.812,0.814,0.816
7,83,Armenia,0.729,0.731,0.732,0.735,0.739,0.742,0.746,0.749,0.749
8,3,Australia,0.909,0.913,0.916,0.919,0.921,0.924,0.926,0.929,0.929
9,20,Austria,0.819,0.837,0.838,0.841,0.833,0.844,0.847,0.852,0.852
10,80,Azerbaijan,0.683,0.681,0.684,0.689,0.698,0.709,0.709,0.709,0.709
11,54,Bahamas,0.713,0.716,0.723,0.726,0.726,0.726,0.726,0.726,0.726
12,43,Bahrain,0.651,0.654,0.664,0.664,0.674,0.685,0.723,0.758,0.758
13,136,Bangladesh,0.409,0.425,0.442,0.454,0.465,0.477,0.488,0.490,0.508
14,58,Barbados,0.751,0.742,0.755,0.776,0.777,0.777,0.777,0.777,0.777
15,53,Belarus,0.828,0.829,0.833,0.836,0.835,0.835,0.836,0.838,0.838
16,17,Belgium,0.870,0.871,0.873,0.874,0.880,0.883,0.890,0.893,0.893
17,106,Belize,0.694,0.695,0.697,0.708,0.704,0.704,0.704,0.705,0.705
18,163,Benin,0.389,0.400,0.411,0.433,0.454,0.460,0.466,0.471,0.471
19,134,Bhutan,0.384,0.397,0.408,0.424,0.429,0.443,0.445,0.446,0.445
20,118,Bolivia (Plurinational State of),0.647,0.641,0.649,0.659,0.663,0.667,0.672,0.683,0.687
21,77,Bosnia and Herzegovina,0.625,0.608,0.626,0.672,0.686,0.699,0.695,0.718,0.718
22,101,Botswana,0.633,0.640,0.646,0.651,0.654,0.656,0.658,0.659,0.659
23,79,Brazil,0.610,0.619,0.622,0.630,0.655,0.664,0.680,0.686,0.686
24,39,Brunei Darussalam,0.685,0.685,0.693,0.709,0.711,0.710,0.705,0.704,0.704
25,51,Bulgaria,0.746,0.756,0.760,0.764,0.779,0.786,0.811,0.805,0.805
26,183,Burkina Faso,0.220,0.232,0.245,0.254,0.262,0.266,0.277,0.285,0.286
27,185,Burundi,0.359,0.376,0.392,0.399,0.408,0.419,0.421,0.424,0.424
28,125,Cabo Verde,0.504,0.513,0.522,0.524,0.538,0.543,0.549,0.555,0.555
29,146,Cambodia,0.422,0.450,0.460,0.467,0.474,0.479,0.479,0.483,0.487
30,151,Cameroon,0.455,0.468,0.486,0.510,0.526,0.537,0.542,0.547,0.547
31,12,Canada,0.857,0.859,0.863,0.867,0.870,0.887,0.890,0.894,0.899
32,188,Central African Republic,0.300,0.309,0.317,0.322,0.329,0.334,0.339,0.341,0.341
33,186,Chad,0.246,0.249,0.269,0.278,0.286,0.292,0.297,0.298,0.298
34,44,Chile,0.745,0.747,0.753,0.756,0.775,0.784,0.797,0.800,0.800
35,86,China,0.586,0.602,0.610,0.617,0.627,0.637,0.641,0.644,0.644
36,90,Colombia,0.639,0.644,0.652,0.647,0.664,0.666,0.669,0.676,0.676
37,165,Comoros,0.422,0.434,0.446,0.457,0.468,0.471,0.473,0.473,0.473
38,137,Congo,0.492,0.500,0.500,0.500,0.508,0.514,0.521,0.526,0.526
39,176,Congo (Democratic Republic of the),0.408,0.424,0.440,0.442,0.455,0.467,0.478,0.486,0.496
40,63,Costa Rica,0.650,0.650,0.659,0.684,0.691,0.698,0.713,0.715,0.719
41,46,Croatia,0.746,0.760,0.772,0.778,0.787,0.793,0.793,0.791,0.791
42,73,Cuba,0.841,0.824,0.813,0.773,0.760,0.767,0.768,0.774,0.780
43,32,Cyprus,0.781,0.767,0.771,0.777,0.788,0.793,0.792,0.808,0.808
44,27,Czechia,0.850,0.858,0.863,0.859,0.882,0.893,0.891,0.893,0.893
45,170,Côte d'Ivoire,0.368,0.376,0.386,0.393,0.399,0.393,0.412,0.421,0.424
46,11,Denmark,0.891,0.895,0.924,0.925,0.941,0.927,0.918,0.920,0.920
47,172,Djibouti,0.284,0.296,0.300,0.303,0.306,0.307,0.308,0.309,0.309
48,103,Dominica,0.613,0.613,0.613,0.614,0.614,0.615,0.618,0.616,0.613
49,94,Dominican Republic,0.601,0.606,0.611,0.616,0.619,0.624,0.643,0.643,0.643
50,86,Ecuador,0.629,0.632,0.637,0.642,0.656,0.671,0.675,0.695,0.697
51,115,Egypt,0.540,0.551,0.556,0.571,0.583,0.586,0.601,0.604,0.604
52,121,El Salvador,0.560,0.586,0.570,0.577,0.576,0.568,0.571,0.580,0.580
53,141,Equatorial Guinea,0.436,0.438,0.438,0.439,0.439,0.439,0.440,0.443,0.443
54,179,Eritrea,0.282,0.279,0.269,0.271,0.272,0.274,0.278,0.279,0.281
55,30,Estonia,0.863,0.872,0.876,0.877,0.875,0.870,0.869,0.868,0.869
56,144,Eswatini (Kingdom of),0.491,0.501,0.508,0.515,0.522,0.528,0.528,0.528,0.528
57,173,Ethiopia,0.300,0.305,0.312,0.314,0.319,0.321,0.322,0.325,0.327
58,92,Fiji,0.723,0.736,0.749,0.753,0.766,0.770,0.785,0.785,0.785
59,15,Finland,0.874,0.879,0.884,0.887,0.898,0.903,0.904,0.905,0.905
60,24,France,0.806,0.810,0.812,0.817,0.822,0.833,0.840,0.840,0.840
61,110,Gabon,0.594,0.599,0.604,0.608,0.618,0.618,0.618,0.621,0.628
62,174,Gambia,0.336,0.336,0.342,0.348,0.360,0.364,0.368,0.368,0.372
63,70,Georgia,0.775,0.777,0.779,0.790,0.804,0.816,0.831,0.845,0.845
64,5,Germany,0.924,0.928,0.932,0.935,0.933,0.936,0.940,0.940,0.940
65,140,Ghana,0.516,0.526,0.533,0.541,0.548,0.541,0.556,0.558,0.558
66,31,Greece,0.794,0.793,0.795,0.805,0.812,0.831,0.833,0.838,0.838
67,75,Grenada,0.711,0.719,0.726,0.733,0.740,0.747,0.754,0.758,0.758
68,127,Guatemala,0.445,0.457,0.470,0.450,0.452,0.510,0.509,0.514,0.514
69,175,Guinea,0.284,0.288,0.309,0.322,0.333,0.339,0.339,0.339,0.339
70,177,Guinea-Bissau,0.354,0.361,0.371,0.377,0.384,0.389,0.389,0.392,0.392
71,125,Guyana,0.565,0.575,0.591,0.591,0.593,0.596,0.596,0.596,0.596
72,168,Haiti,0.394,0.399,0.407,0.411,0.416,0.421,0.426,0.428,0.433
73,133,Honduras,0.469,0.477,0.480,0.474,0.478,0.483,0.494,0.502,0.502
74,7,"Hong Kong, China (SAR)",0.807,0.808,0.807,0.824,0.830,0.846,0.852,0.855,0.855
75,45,Hungary,0.812,0.819,0.823,0.831,0.834,0.821,0.818,0.815,0.815
76,6,Iceland,0.849,0.853,0.868,0.883,0.898,0.906,0.906,0.912,0.912
77,130,India,0.466,0.478,0.494,0.507,0.515,0.532,0.542,0.556,0.556
78,116,Indonesia,0.582,0.586,0.598,0.607,0.614,0.615,0.616,0.622,0.622
79,60,Iran (Islamic Republic of),0.651,0.662,0.684,0.731,0.738,0.738,0.741,0.741,0.741
80,120,Iraq,0.498,0.503,0.511,0.506,0.501,0.501,0.502,0.502,0.534
81,4,Ireland,0.904,0.907,0.862,0.878,0.894,0.910,0.910,0.918,0.918
82,22,Israel,0.855,0.860,0.867,0.870,0.870,0.875,0.876,0.874,0.874
83,28,Italy,0.774,0.778,0.787,0.787,0.794,0.788,0.791,0.791,0.791
84,97,Jamaica,0.645,0.652,0.655,0.666,0.679,0.684,0.686,0.690,0.690
85,19,Japan,0.796,0.802,0.813,0.823,0.830,0.838,0.839,0.846,0.848
86,95,Jordan,0.697,0.685,0.680,0.685,0.686,0.696,0.706,0.711,0.711
87,58,Kazakhstan,0.786,0.781,0.791,0.801,0.802,0.806,0.806,0.809,0.814
88,142,Kenya,0.494,0.501,0.508,0.515,0.522,0.528,0.534,0.543,0.551
89,134,Kiribati,0.592,0.605,0.615,0.619,0.623,0.620,0.620,0.620,0.620
90,22,Korea (Republic of),0.832,0.860,0.862,0.860,0.861,0.862,0.862,0.862,0.862
91,56,Kuwait,0.596,0.599,0.601,0.604,0.601,0.608,0.616,0.618,0.620
92,122,Kyrgyzstan,0.693,0.697,0.697,0.710,0.721,0.728,0.728,0.735,0.735
93,139,Lao People's Democratic Republic,0.420,0.429,0.447,0.459,0.471,0.477,0.484,0.485,0.485
94,41,Latvia,0.852,0.850,0.848,0.843,0.859,0.865,0.866,0.866,0.866
95,80,Lebanon,0.633,0.631,0.637,0.619,0.623,0.626,0.630,0.634,0.637
96,159,Lesotho,0.498,0.492,0.498,0.505,0.499,0.502,0.498,0.502,0.502
97,181,Liberia,0.401,0.400,0.407,0.414,0.420,0.425,0.425,0.430,0.434
98,108,Libya,0.635,0.634,0.625,0.616,0.616,0.616,0.616,0.616,0.616
99,17,Liechtenstein,0.795,0.807,0.819,0.827,0.824,0.818,0.820,0.827,0.827
100,35,Lithuania,0.853,0.854,0.850,0.844,0.848,0.880,0.880,0.879,0.879
101,21,Luxembourg,0.774,0.780,0.780,0.779,0.778,0.783,0.788,0.792,0.792
102,161,Madagascar,0.481,0.484,0.484,0.489,0.492,0.494,0.498,0.498,0.498
103,171,Malawi,0.421,0.428,0.433,0.438,0.442,0.445,0.445,0.450,0.451
104,57,Malaysia,0.676,0.687,0.694,0.696,0.701,0.708,0.713,0.719,0.719
105,101,Maldives,0.477,0.494,0.513,0.525,0.538,0.551,0.561,0.560,0.560
106,182,Mali,0.270,0.277,0.283,0.284,0.279,0.285,0.286,0.287,0.293
107,29,Malta,0.744,0.769,0.763,0.777,0.789,0.798,0.810,0.818,0.818
109,159,Mauritania,0.333,0.338,0.344,0.359,0.371,0.381,0.381,0.385,0.389
110,65,Mauritius,0.655,0.664,0.681,0.699,0.707,0.729,0.721,0.729,0.729
111,74,Mexico,0.627,0.623,0.638,0.650,0.648,0.655,0.666,0.678,0.678
112,131,Micronesia (Federated States of),0.552,0.564,0.573,0.581,0.590,0.590,0.590,0.592,0.590
113,112,Moldova (Republic of),0.697,0.696,0.699,0.709,0.716,0.714,0.709,0.710,0.710
114,92,Mongolia,0.701,0.721,0.734,0.740,0.745,0.750,0.754,0.766,0.766
115,50,Montenegro,0.780,0.787,0.787,0.791,0.791,0.791,0.790,0.790,0.790
116,123,Morocco,0.437,0.449,0.463,0.481,0.495,0.504,0.510,0.525,0.529
117,180,Mozambique,0.366,0.373,0.368,0.366,0.383,0.383,0.385,0.385,0.385
118,148,Myanmar,0.381,0.392,0.407,0.417,0.427,0.431,0.436,0.440,0.443
119,129,Namibia,0.528,0.538,0.549,0.557,0.562,0.565,0.565,0.569,0.571
120,149,Nepal,0.416,0.443,0.451,0.475,0.484,0.488,0.495,0.502,0.502
121,10,Netherlands,0.865,0.871,0.896,0.895,0.899,0.902,0.903,0.905,0.906
122,16,New Zealand,0.897,0.899,0.901,0.903,0.905,0.907,0.914,0.917,0.917
123,124,Nicaragua,0.513,0.520,0.524,0.529,0.536,0.553,0.553,0.558,0.558
124,189,Niger,0.170,0.180,0.189,0.200,0.204,0.207,0.208,0.212,0.214
125,157,Nigeria,0.438,0.407,0.424,0.464,0.475,0.475,0.477,0.483,0.483
126,1,Norway,0.905,0.912,0.914,0.907,0.914,0.907,0.908,0.915,0.915
127,48,Oman,0.627,0.635,0.647,0.664,0.681,0.692,0.706,0.706,0.706
128,150,Pakistan,0.359,0.365,0.370,0.376,0.380,0.395,0.398,0.411,0.411
129,60,Palau,0.790,0.795,0.801,0.803,0.810,0.818,0.826,0.837,0.844
130,119,"Palestine, State of",0.651,0.655,0.660,0.667,0.654,0.655,0.657,0.660,0.660
131,66,Panama,0.665,0.665,0.662,0.668,0.674,0.681,0.681,0.687,0.692
132,153,Papua New Guinea,0.389,0.405,0.419,0.419,0.425,0.420,0.429,0.429,0.430
133,110,Paraguay,0.576,0.599,0.606,0.609,0.628,0.630,0.637,0.631,0.631
134,89,Peru,0.656,0.652,0.678,0.666,0.674,0.696,0.686,0.688,0.689
135,113,Philippines,0.615,0.622,0.633,0.644,0.655,0.657,0.661,0.661,0.661
136,33,Poland,0.822,0.832,0.833,0.817,0.853,0.822,0.853,0.862,0.866
137,41,Portugal,0.707,0.715,0.724,0.733,0.751,0.755,0.757,0.759,0.759
138,37,Qatar,0.657,0.637,0.662,0.678,0.701,0.698,0.698,0.698,0.698
139,52,Romania,0.786,0.783,0.777,0.763,0.767,0.765,0.767,0.762,0.762
140,49,Russian Federation,0.763,0.772,0.784,0.796,0.806,0.812,0.828,0.832,0.832
141,158,Rwanda,0.416,0.437,0.440,0.443,0.440,0.445,0.434,0.450,0.450
142,72,Saint Kitts and Nevis,0.618,0.631,0.642,0.652,0.663,0.674,0.674,0.674,0.680
143,90,Saint Lucia,0.623,0.644,0.651,0.645,0.652,0.661,0.676,0.676,0.676
144,99,Saint Vincent and the Grenadines,0.648,0.657,0.661,0.657,0.661,0.654,0.655,0.655,0.655
145,104,Samoa,0.671,0.676,0.681,0.684,0.688,0.688,0.689,0.692,0.692
146,143,Sao Tome and Principe,0.453,0.455,0.466,0.476,0.489,0.500,0.534,0.546,0.557
147,39,Saudi Arabia,0.664,0.691,0.719,0.747,0.770,0.787,0.787,0.787,0.787
148,164,Senegal,0.294,0.301,0.320,0.333,0.340,0.347,0.354,0.361,0.368
149,67,Serbia,0.726,0.722,0.744,0.741,0.744,0.756,0.766,0.778,0.778
150,62,Seychelles,0.637,0.642,0.622,0.686,0.702,0.715,0.721,0.724,0.727
151,184,Sierra Leone,0.342,0.349,0.357,0.364,0.372,0.374,0.376,0.382,0.390
152,9,Singapore,0.753,0.795,0.803,0.816,0.818,0.828,0.830,0.830,0.832
153,38,Slovakia,0.795,0.802,0.818,0.824,0.823,0.821,0.831,0.831,0.831
154,25,Slovenia,0.873,0.878,0.878,0.859,0.881,0.876,0.879,0.887,0.886
155,152,Solomon Islands,0.432,0.437,0.442,0.447,0.453,0.458,0.465,0.465,0.469
156,113,South Africa,0.694,0.690,0.686,0.685,0.695,0.703,0.708,0.708,0.708
158,26,Spain,0.764,0.780,0.793,0.800,0.804,0.813,0.819,0.824,0.824
159,76,Sri Lanka,0.738,0.739,0.743,0.744,0.747,0.749,0.751,0.749,0.749
160,167,Sudan,0.305,0.306,0.299,0.311,0.316,0.320,0.324,0.326,0.328
161,100,Suriname,0.542,0.602,0.607,0.612,0.617,0.621,0.632,0.636,0.636
162,7,Sweden,0.845,0.853,0.851,0.854,0.863,0.882,0.902,0.904,0.904
163,2,Switzerland,0.873,0.877,0.880,0.885,0.889,0.892,0.894,0.897,0.897
164,155,Syrian Arab Republic,0.542,0.537,0.548,0.561,0.451,0.431,0.412,0.412,0.412
165,127,Tajikistan,0.671,0.671,0.668,0.668,0.667,0.664,0.662,0.660,0.659
166,154,Tanzania (United Republic of),0.410,0.416,0.415,0.426,0.412,0.420,0.441,0.441,0.441
167,83,Thailand,0.618,0.624,0.626,0.626,0.617,0.629,0.640,0.650,0.661
168,80,The former Yugoslav Republic of Macedonia,0.657,0.662,0.667,0.670,0.673,0.676,0.689,0.691,0.691
169,132,Timor-Leste,0.476,0.493,0.503,0.503,0.504,0.504,0.505,0.505,0.505
170,165,Togo,0.450,0.464,0.477,0.483,0.489,0.499,0.500,0.506,0.506
171,98,Tonga,0.748,0.757,0.761,0.761,0.763,0.766,0.769,0.769,0.770
172,69,Trinidad and Tobago,0.706,0.708,0.710,0.712,0.714,0.714,0.715,0.722,0.722
173,95,Tunisia,0.614,0.625,0.635,0.633,0.638,0.640,0.646,0.656,0.659
174,64,Turkey,0.578,0.608,0.639,0.651,0.667,0.678,0.683,0.689,0.689
176,162,Uganda,0.477,0.493,0.487,0.483,0.489,0.495,0.501,0.504,0.525
177,88,Ukraine,0.787,0.788,0.787,0.791,0.791,0.794,0.794,0.794,0.794
178,34,United Arab Emirates,0.695,0.703,0.711,0.719,0.727,0.732,0.737,0.738,0.738
179,14,United Kingdom,0.884,0.896,0.872,0.866,0.912,0.920,0.911,0.914,0.914
180,13,United States,0.896,0.902,0.907,0.906,0.897,0.898,0.900,0.903,0.903
181,55,Uruguay,0.713,0.687,0.703,0.717,0.731,0.736,0.731,0.733,0.733
182,105,Uzbekistan,0.667,0.674,0.681,0.692,0.699,0.702,0.704,0.708,0.718
183,138,Vanuatu,0.521,0.523,0.525,0.527,0.529,0.529,0.529,0.529,0.529
184,78,Venezuela (Bolivarian Republic of),0.668,0.686,0.718,0.719,0.724,0.729,0.733,0.733,0.741
185,116,Viet Nam,0.598,0.583,0.602,0.608,0.614,0.613,0.619,0.621,0.626
186,178,Yemen,0.318,0.326,0.343,0.349,0.349,0.349,0.349,0.349,0.349
187,144,Zambia,0.546,0.555,0.563,0.572,0.575,0.577,0.577,0.580,0.580
188,156,Zimbabwe,0.516,0.523,0.514,0.549,0.550,0.558,0.558,0.558,0.558
