,Country,Happiness score,Log GDP per capita,Social support,Healthy life expectancy at birth,Freedom to make life choices,Generosity,Perceptions of corruption,Positive affect,Negative affect,Confidence in national government,"GINI index (World Bank estimate), average 2000-16","gini of household income reported in Gallup, by wp5-year",Latitude,Longitude
0,Finland,7.769,10.63605976,0.9621550440000001,71.90000153,0.9378073809999999,-0.131735161,0.198604837,0.781546414,0.18178065100000002,0.555102229,0.275615385,0.36229419700000004,25.7481511,61.92411
1,Denmark,7.6,10.75559425,0.958218873,72.40000153,0.935437799,0.015592853,0.15060743699999998,0.8214226370000001,0.20605281,0.6324784760000001,0.267,0.479050666,9.501785,56.26392
2,Norway,7.553999999999999,11.08562565,0.965961933,73.19999695,0.9604290129999999,0.075728491,0.26820144100000004,0.827414036,0.21186237,0.6795029640000001,0.272230769,0.33664917899999997,8.468946,60.472024
3,Netherlands,7.4879999999999995,10.8092041,0.939443171,72.30000305,0.919985175,0.155536488,0.370557785,0.8619766240000001,0.20479418300000002,0.656541049,0.286333333,0.46799784899999997,5.291266,52.132633
4,Switzerland,7.48,10.97594547,0.9302909970000001,74.09999847,0.9264145490000001,0.096368961,0.301259965,0.792225957,0.191520154,0.84997946,0.3281,0.320724994,8.227511999999999,46.818188
5,Sweden,7.343,10.76693249,0.93067956,72.59999847,0.9417246579999999,0.069573253,0.26279658100000003,0.822675705,0.160755426,0.49439624,0.27415384600000003,0.38150969100000004,18.643501,60.128161
6,New Zealand,7.307,10.50147724,0.9538627270000001,73.19999695,0.94930017,0.11675003199999999,0.20658022199999998,0.8453626040000001,0.16795145,0.64246124,,0.388641357,174.88597099999998,-40.900557
7,Canada,7.278,10.70124817,0.922718763,73.59999847,0.9457829,0.09796612699999999,0.37174084799999996,0.8236686590000001,0.25939765600000003,0.610466897,0.3368,0.46544224,-106.34677099999999,56.130366
8,Austria,7.246,10.74189281,0.911668122,73.0,0.9041119809999999,0.051552333,0.52306056,0.75235039,0.226058796,0.488678724,0.302692308,0.299504399,14.550072,47.516231
9,Australia,7.228,10.721020699999999,0.940137267,73.59999847,0.916028142,0.137795404,0.40464749899999997,0.7590188379999999,0.18745636899999998,0.46883687399999996,0.34275,0.429814219,133.775136,-25.274398
10,Costa Rica,7.167000000000001,9.669425964,0.875872433,71.30000305,0.941888332,-0.10419601199999999,0.7813017959999999,0.8700978159999999,0.32586664,0.47997778700000004,0.490882353,0.786516607,-83.753428,9.748917
11,Israel,7.138999999999999,10.4245739,0.90959543,73.30000305,0.7246623040000001,0.052549962,0.770134807,0.66348964,0.28206256,0.42232972399999996,0.4112,0.261861771,34.851612,31.046051000000002
12,Luxembourg,7.09,11.45392799,0.902192414,72.59999847,0.883929849,-0.025496062000000003,0.385146111,0.750309467,0.201894343,0.755200863,0.316076923,0.326442361,6.129583,49.815273
13,United Kingdom,7.053999999999999,10.59694767,0.9284839029999999,72.30000305,0.83750838,0.22199814,0.404276013,0.7831718329999999,0.228275612,0.420859873,0.341083333,0.417473197,-3.435973,55.378051
14,Ireland,7.021,11.16332817,0.937862396,72.30000305,0.861471593,0.139783427,0.36221024399999996,0.8108572359999999,0.21305006699999998,0.618405282,0.326153846,0.366410613,-7.6920535999999995,53.1423672
15,Germany,6.985,10.73094463,0.9197631479999999,72.19999695,0.8768875,0.030199649,0.49567395399999997,0.7802804109999999,0.243214577,0.592990577,0.306222222,0.283512622,10.451526,51.165690999999995
16,Belgium,6.922999999999999,10.672445300000001,0.9298155309999999,72.0,0.808386624,-0.12727834300000002,0.630411804,0.74956274,0.250297338,0.44194454,0.284307692,0.299524575,4.469936,50.503887
17,United States,6.892,10.92246532,0.9038560390000001,68.30000305,0.824606657,0.107713386,0.709928274,0.8153826,0.292226255,0.3138161,0.40816666700000004,0.7014179229999999,-95.712891,37.09024
18,Czech Republic,6.852,10.41947365,0.929163933,70.30000305,0.790132403,-0.294359624,0.851382256,0.7137001159999999,0.178068101,0.420783311,0.26416666699999997,0.254285723,15.472961999999999,49.817492
19,United Arab Emirates,6.825,11.12767792,0.8510413170000001,67.09999847,0.9436643720000001,0.036494225,,0.787243485,0.302041829,,,0.721078634,53.847818000000004,23.424076
20,Malta,6.726,,0.9315415020000001,72.19999695,0.927340686,,0.5951998829999999,0.721224427,0.295698792,0.757713675,0.2911,0.385406852,35.937496,14.375416
21,Mexico,6.595,9.769919395,0.858068883,68.30000305,0.816200495,-0.181818426,0.8086380959999999,0.88171345,0.213254362,0.294568479,0.4698,0.456424832,-102.552784,23.634501
22,France,6.5920000000000005,10.57335186,0.921463072,73.80000305,0.8163772229999999,-0.141567126,0.581775308,0.767313421,0.282451361,0.38054743399999996,0.320923077,0.360965639,2.213749,46.227638
23,Chile,6.444,10.06591988,0.890084922,69.90000153,0.78853035,-0.070615843,0.8162974120000001,0.8325622079999999,0.275820225,0.334744155,0.491571429,0.434312701,-71.542969,-35.675146999999996
24,Guatemala,6.436,8.923428535,0.8411072490000001,64.80000305,0.909538031,-0.011167034,0.7654544120000001,0.871362031,0.262411267,0.45706442,0.523666667,0.634369075,-90.23075899999999,15.783470999999999
25,Saudi Arabia,6.375,10.79797173,0.867848396,66.30000305,0.85492152,-0.20956350899999998,,0.764405489,0.288379908,,,0.472084254,45.079162,23.885942
26,Spain,6.354,10.46559429,0.9103146790000001,74.40000153,0.7222506999999999,-0.079350598,0.776504457,0.659188032,0.35719084700000003,0.285195619,0.345384615,0.359143615,-3.7492199999999998,40.463667
27,Panama,6.321000000000001,10.049730300000002,0.904389799,69.59999847,0.861448109,-0.122782208,0.83693099,0.8835805059999999,0.22259874600000001,0.277477711,0.532647059,0.570101619,-80.782127,8.537981
28,Brazil,6.3,9.557932854,0.881505251,66.40000153,0.75060904,-0.126326516,0.763251305,0.749727845,0.349656254,0.16818665,0.547285714,0.420397133,-51.92528,-14.235004
29,Uruguay,6.292999999999999,9.959661484,0.9173156020000001,69.0,0.876210928,-0.10845141900000001,0.682916045,0.876920342,0.274945587,0.36170604799999995,0.427363636,0.43754178299999996,-55.765834999999996,-32.522779
30,Singapore,6.2620000000000005,,0.902840674,76.80000305,0.91607821,,0.096562929,0.787092984,0.10687077800000001,0.8924692870000001,,0.399787635,1.352083,103.819836
31,El Salvador,6.252999999999999,8.911958693999999,0.8239991659999999,66.09999847,0.863207281,-0.096786909,0.826600015,0.871536493,0.265370607,0.323992044,0.457823529,0.444246531,-88.89653,13.794185
32,Italy,6.223,10.48051643,0.912656128,73.59999847,0.650009274,-0.023462268999999997,0.8878248329999999,0.649023056,0.40297535100000004,0.206626192,0.344,0.457490861,12.56738,41.87194
33,Slovakia,6.1979999999999995,10.35223579,0.922378719,68.90000153,0.757634044,-0.179692462,0.909944654,0.75410521,0.25319004100000003,0.327658623,0.26725,0.274584681,48.669026,19.699023999999998
34,Uzbekistan,6.1739999999999995,8.773365021,0.9208210109999999,65.09999847,0.969897985,0.311694622,0.520360112,0.825421572,0.208660305,0.969356358,0.348,0.384973526,64.585262,41.377491
35,Lithuania,6.149,10.33951187,0.929350138,67.30000305,0.698945105,-0.24097855399999998,0.851745069,0.516805112,0.21355971699999998,0.323758096,0.355,0.330166399,23.881275,55.169438
36,Colombia,6.125,9.511734009,0.870970428,67.69999695,0.850765765,-0.15504799800000002,0.854820907,0.825455189,0.300624102,0.274869502,0.5416,0.506853819,-74.297333,4.570868
37,Slovenia,6.117999999999999,10.39720345,0.9409711959999999,71.09999847,0.942045867,-0.12239641,0.839252532,0.643971622,0.27548486,0.239274636,0.2495,0.34900409,14.995463,46.151241
38,Nicaragua,6.105,8.614512443999999,0.8542765379999999,67.5,0.797056854,0.002830009,0.712824762,0.7926493290000001,0.408349842,0.343466878,0.4795,0.429590642,-85.207229,12.865416
39,Argentina,6.086,9.809971809,0.899911582,68.80000305,0.8458946940000001,-0.206936628,0.8552552459999999,0.8203096990000001,0.320502073,0.261352271,0.4609375,0.40535593,-63.616671999999994,-38.416097
40,Romania,6.07,10.11209297,0.81793046,67.19999695,0.84515959,-0.220031843,0.921170175,0.7353425029999999,0.298453927,0.226351306,0.3658,0.348827481,24.96676,45.943160999999996
41,Cyprus,6.046,,0.825573206,73.69999695,0.7942150240000001,,0.848337233,0.7501224879999999,0.298021138,0.35244044700000005,0.32616666699999997,0.448661059,33.429859,35.126413
42,Ecuador,6.028,9.27445507,0.8513450029999999,68.5,0.869363725,-0.104021087,0.8307431940000001,0.876474917,0.328171045,0.402085185,0.496,0.43851190799999995,-78.183406,-1.8312389999999998
43,Thailand,6.007999999999999,9.734828949,0.873052418,67.19999695,0.90482825,0.251650214,0.906596005,0.8434894079999999,0.198190212,0.6053644420000001,0.396692308,0.482406765,100.992541,15.870032
44,Latvia,5.94,10.18411732,0.913276315,66.80000305,0.608207643,-0.21699953100000002,0.7989492420000001,0.585233271,0.191870555,0.19716229999999998,0.360333333,0.330420047,24.603189,56.879635
45,South Korea,5.895,10.51157761,0.79772383,73.59999847,0.600161672,-0.09396584300000001,0.7968258859999999,0.66120857,0.217145726,0.389084011,0.319,0.39859095200000005,35.907757000000004,127.766922
46,Estonia,5.893,10.32410717,0.9326937790000001,68.59999847,0.885618389,-0.144664913,0.620677948,0.794730246,0.16318211,0.42020258299999996,0.332461538,0.36719486100000004,25.0136071,58.595271999999994
47,Mauritius,5.888,9.956447601,0.90884155,66.40000153,0.866928101,-0.082134947,0.78524971,0.77395165,0.157993257,0.619251132,0.3575,0.432353795,57.552152,-20.348404000000002
48,Japan,5.886,10.58161831,0.886431932,75.0,0.77347213,-0.272972286,0.686784506,0.7033550140000001,0.18530015600000002,0.38488039399999996,0.321,0.41866180299999994,138.252924,36.204824
49,Honduras,5.86,8.439203262000001,0.8270670179999999,67.19999695,0.872161686,0.10572869300000001,0.803564787,0.871844649,0.287357897,0.39891368200000005,0.5466875,0.672158837,-86.241905,15.199998999999998
50,Kazakhstan,5.809,10.111166,0.936656713,64.59999847,0.84018296,-0.108595312,0.82378298,0.69319874,0.16154228199999998,0.615031958,0.305866667,0.38401079200000005,66.923684,48.019573
51,Bolivia,5.779,8.860530853,0.8271594640000001,63.59999847,0.863246858,-0.08756835,0.7860445979999999,0.741972625,0.38746887399999996,0.399588227,0.5216,0.45011302799999997,-63.588653,-16.290154
52,Peru,5.697,9.434348106,0.84530139,68.09999847,0.8296419979999999,-0.188079551,0.9062446359999999,0.808621466,0.38003286700000005,0.202403098,0.479647059,0.5030609970000001,-75.015152,-9.189967
53,Portugal,5.693,10.26201248,0.887113273,72.40000153,0.8774042129999999,-0.262738109,0.87972784,0.679104149,0.317994744,0.520630658,0.367538462,0.41846633,-8.224454,39.399871999999995
54,Pakistan,5.653,8.561663628,0.6850594879999999,58.5,0.77256912,0.053521562,0.798841655,0.567294776,0.376706064,0.58938849,0.315125,0.38166469299999994,69.345116,30.375321000000003
55,Russia,5.648,10.13239002,0.908726096,64.30000305,0.7292821999999999,-0.15622630699999998,0.865311563,0.6733462809999999,0.19879630199999998,0.45583874,0.3975,0.39537057299999995,61.52401,105.31875600000001
56,Philippines,5.631,8.985702515,0.8458032609999999,61.90000153,0.917808175,-0.11312916099999999,0.726483345,0.772846103,0.39348107600000004,0.8020071390000001,,0.474451542,121.77401699999999,12.879721
57,Serbia,5.603,9.584803581000001,0.852945328,68.19999695,0.739891827,-0.09851145,0.8637235759999999,0.558940828,0.296295851,0.47614499899999996,,0.35620287100000003,21.005859,44.016521000000004
58,Moldova,5.529,8.592376709,0.89207989,65.0,0.823824346,-0.033677354,0.928719878,0.58171463,0.27007246,0.237631857,0.32605882399999997,0.40068960200000003,47.00367,28.907089000000003
59,Libya,5.525,,0.824165165,62.29999924,0.7805585270000001,,0.645838797,0.705535412,0.398903102,,,0.5967540139999999,17.228331,26.3351
60,Montenegro,5.523,9.732954979,0.8559796209999999,68.5,0.626431286,-0.04869676,0.768922508,0.589933157,0.354935259,0.398499161,0.3094,0.406528622,19.37439,42.708678000000006
61,Croatia,5.432,10.06575108,0.909806848,70.19999695,0.6908556220000001,-0.15252924,0.9254083040000001,0.582044125,0.29037597800000003,0.248180911,0.321428571,0.32249015600000003,15.200000099999999,45.1
62,Dominican Republic,5.425,9.626997948,0.8619863390000001,65.80000305,0.866641581,-0.15095129599999998,0.76227355,0.744871855,0.291403025,0.42177102,0.48470588200000003,0.52009505,-70.162651,18.735692999999998
63,Turkey,5.372999999999999,10.1489172,0.847027302,66.80000305,0.528629065,-0.18165372300000002,0.804878533,0.434654295,0.350773096,0.513677061,0.4058,0.36262396,35.243322,38.963745
64,Malaysia,5.3389999999999995,10.23550415,0.789408565,67.0,0.874548256,0.112881355,0.894131124,0.824454665,0.200366735,0.7323983909999999,0.439833333,0.44476220000000005,101.97576600000001,4.210483999999999
65,Belarus,5.3229999999999995,9.778738976,0.9045692679999999,66.09999847,0.6436023710000001,-0.181864843,0.718455493,0.45033285,0.23572862100000003,0.421278685,0.281294118,0.293443888,27.953389,53.709807
66,Greece,5.287000000000001,10.13205814,0.793500781,72.40000153,0.564455688,-0.336384535,0.8603023890000001,0.665699065,0.255006582,0.157048658,0.346384615,0.315494269,21.824312,39.074208
67,Mongolia,5.285,9.41570282,0.9415141340000001,62.29999924,0.695546806,0.040724155,0.8485022190000001,0.654125035,0.191890299,0.270371318,0.33399999999999996,0.364350021,103.84665600000001,46.862496
68,Macedonia,5.274,9.503044127999999,0.84891516,67.5,0.744800925,-0.04029087,0.909934342,0.590138078,0.29835286699999997,0.39614158899999996,0.390166667,0.340062618,41.608635,21.745275
69,Nigeria,5.265,8.577632904,0.740854204,49.70000076,0.789881051,-0.020767037,0.8656026720000001,0.80526185,0.25646987600000004,0.45174095,0.4155,0.448463321,8.675277000000001,9.081999
70,Turkmenistan,5.247000000000001,9.749464035,0.9844889640000001,62.20000076,0.857774079,0.237279803,,0.6122102739999999,0.18902453800000002,,,0.271069974,59.556278000000006,38.969719
71,Algeria,5.211,9.557951927000001,0.798651338,65.90000153,0.58338058,-0.172413006,0.7587041259999999,0.591042936,0.292945564,,0.276,0.6678718920000001,1.6596259999999998,28.033886
72,Morocco,5.207999999999999,8.937397957,0.553759754,65.90000153,0.773180425,-0.245612621,0.8431727290000001,0.638049185,0.415981561,,0.40266666700000003,0.543106675,-7.09262,31.791702
73,Azerbaijan,5.207999999999999,9.678013802,0.781229913,65.5,0.772449255,-0.251795292,0.561206281,0.592575371,0.191391662,0.834371924,0.21100000000000002,0.260409832,47.576927000000005,40.143105
74,Lebanon,5.197,9.507958412,0.8293806309999999,67.09999847,0.60703069,-0.066325933,0.906650305,0.463880777,0.27068889100000004,0.219074845,0.318,0.319639176,35.862285,33.854721000000005
75,Indonesia,5.192,9.362827301,0.809378862,62.09999847,0.879374385,0.49937781700000006,0.867729425,0.863717854,0.295986801,0.837602735,0.395,0.46434718399999997,113.921327,-0.789275
76,China,5.191,9.694375992000001,0.787605345,69.30000305,0.895377696,-0.17489916100000003,,0.85578388,0.189639792,,0.425,0.5382056829999999,104.195397,35.86166
77,Vietnam,5.175,8.783415794,0.83194524,67.90000153,0.909259796,-0.039123702999999996,0.8084229829999999,0.6922224159999999,0.191061363,,0.36275,0.415666252,14.058323999999999,108.277199
78,Cameroon,5.044,8.133470535,0.676825225,52.70000076,0.816304982,0.032506917,0.8844416140000001,0.642436504,0.35564240799999997,0.6452263,0.438333333,0.521751046,12.354722,7.369722
79,Bulgaria,5.011,9.873218536,0.9238532779999999,66.80000305,0.7243359090000001,-0.179109603,0.952014446,0.639021873,0.189090982,0.218995899,0.35466666700000005,0.34120652100000004,25.48583,42.733883
80,Ivory Coast,4.944,8.236133575,0.620882571,49.5,0.7125900390000001,-0.036959659,0.7909668679999999,0.6820983890000001,0.385631382,0.535438716,0.42,0.52024436,43.9165389,17.6721508
81,Nepal,4.913,7.851007462,0.7683355209999999,63.5,0.770093679,0.132780746,0.741752803,0.536977708,0.386792421,0.648398161,0.38299999999999995,0.49789646299999996,84.12400799999999,28.394857000000002
82,Jordan,4.906000000000001,9.024435042999999,0.799544334,66.80000305,0.762420297,-0.183489695,,,,,0.34299999999999997,0.391051114,-93.804574,41.569722
83,Benin,4.883,7.663907051,0.503544033,54.29999924,0.713264048,0.024661165,0.7465107440000001,0.6466551420000001,0.467871815,0.639219761,0.432666667,0.6062432529999999,2.315834,9.30769
84,Gabon,4.7989999999999995,9.718316077999999,0.78482759,59.70000076,0.7191354040000001,-0.217487514,0.82286346,0.640691638,0.41766098100000004,0.311373711,0.42200000000000004,0.485094249,11.609444,-0.803689
85,Laos,4.796,8.813603401,0.70473814,58.70000076,0.906660974,0.140599459,0.634239852,0.852213562,0.331882507,,0.348,0.552090645,19.856270000000002,102.495496
86,South Africa,4.7219999999999995,9.411724091,0.841343999,56.5,0.752731323,-0.059033662,0.841192603,0.812166572,0.28270849600000003,0.5246858,0.624,0.6857746840000001,22.937506,-30.559482
87,Albania,4.718999999999999,9.412399292,0.683591664,68.69999695,0.824212313,0.005384951,0.8991293909999999,0.713299572,0.318996727,0.435337961,0.30325,0.456174195,20.168331,41.153332
88,Venezuela,4.707,9.270280838,0.886882067,66.5,0.610855222,-0.176155597,0.827560008,0.759221494,0.37365761399999997,0.260699689,0.497166667,,6.42375,-66.58973
89,Cambodia,4.7,8.253352165,0.7946053740000001,61.59999847,0.958304822,0.033786766,,0.8445925120000001,0.414345801,,,0.603439152,104.990963,12.565679
90,Senegal,4.681,7.850693702999999,0.7393547890000001,59.59999847,0.629223466,-0.061628065999999995,0.80477947,0.713894129,0.247074723,0.588927925,0.40233333299999996,0.393896788,-14.452361999999999,14.497401000000002
91,Namibia,4.638999999999999,9.15621376,0.864214778,56.5,0.75390476,-0.17572915600000003,0.845942497,0.7393869759999999,0.240249082,0.62446779,0.6113333329999999,0.7712110879999999,18.49041,-22.957639999999998
92,Niger,4.628,6.844517708,0.612025678,53.5,0.790665627,0.023082649,0.637166798,0.770557642,0.502554536,0.7479238509999999,0.36875,,8.081666,17.607789
93,Burkina Faso,4.587,7.47052002,0.664859474,53.90000153,0.7207434770000001,-0.004381241,0.757398605,0.7108835579999999,0.342865527,0.622255087,0.394666667,0.605102122,-1.561593,12.238333
94,Armenia,4.559,9.119423866,0.8144490120000001,66.90000153,0.807643652,-0.14910869300000001,0.676826358,0.581487715,0.45484027299999996,0.670827627,0.31925,0.40640348200000004,45.038189,40.069099
95,Iran,4.548,9.886064529,0.6737647059999999,66.0,0.603319883,0.044715501,0.7034397720000001,0.553196609,0.493148893,0.549940705,0.4134,0.44058615,32.427908,53.68804599999999
96,Guinea,4.534,7.633718013999999,0.630433142,54.40000153,0.731157243,0.10001128199999999,0.778393805,0.743881047,0.4404383,0.59172374,0.387,0.6033877129999999,-9.696645,9.945587
97,Georgia,4.519,9.229100227,0.617218554,64.5,0.7751441,-0.219247594,0.754853785,0.5729534629999999,0.24377891399999999,0.30000618100000004,0.380117647,0.41981205299999996,-82.9000751,32.1656221
98,Kenya,4.5089999999999995,8.03267765,0.706719875,60.09999847,0.8214129809999999,0.30665308199999997,0.844244063,0.7591028809999999,0.23692077399999997,0.6753672959999999,0.4365,0.584187031,37.906193,-0.023559
99,Mauritania,4.49,8.196549416,0.8015955090000001,57.0,0.46688854700000004,-0.09545145199999999,0.7105292679999999,0.663382471,0.275557995,0.258394152,0.36875,,-10.940835,21.00789
100,Mozambique,4.466,7.039377689,0.7384804490000001,54.20000076,0.896621585,0.053591630999999994,0.691220403,0.639639556,0.397278726,0.8320379259999999,0.48866666700000005,0.784366608,35.529562,-18.665695
101,Tunisia,4.461,9.304473877000001,0.732953548,66.90000153,0.6496800779999999,-0.203248903,0.84011662,0.591726601,0.365014285,0.349490464,0.381,0.431391299,9.537499,33.886917
102,Bangladesh,4.456,8.22074604,0.705556035,64.30000305,0.90147084,-0.038008336000000004,0.7014212009999999,0.5413447020000001,0.361237794,0.8316931129999999,0.32775,0.367609113,90.35633100000001,23.684994
103,Mali,4.39,7.627428055,0.6918590659999999,51.70000076,0.737204552,-0.031888556,0.793091416,0.770017266,0.369648188,0.510795414,0.372666667,0.598786891,-3.9961660000000006,17.570692
104,Sierra Leone,4.374,7.26616621,0.649638355,50.79999924,0.716484487,0.101580702,0.855733216,0.551628053,0.46626666200000005,0.7797262070000001,0.371,0.690721095,-11.779889,8.460555000000001
105,Sri Lanka,4.3660000000000005,9.400387764,0.828065395,67.19999695,0.852628171,0.08676241300000001,0.85801667,0.831292987,0.301279366,0.57613039,0.3934,0.408001781,80.77179699999999,7.873054
106,Myanmar,4.36,8.685232162,0.773825943,59.0,0.906110823,0.469964564,0.6467258929999999,0.776950598,0.300140351,0.878752649,0.381,0.42404538399999997,16.871311,96.19937900000001
107,Chad,4.35,7.472574711,0.57725358,48.20000076,0.650354564,0.011340086000000001,0.762879312,0.552737296,0.543836236,0.57743603,0.4155,0.60765475,18.732207,15.454166
108,Ukraine,4.332,9.012026787,0.9009367229999999,64.59999847,0.6630550620000001,-0.05504196099999999,0.9429607390000001,0.608771086,0.22185148300000002,0.079710059,0.265,0.34974923700000005,31.1655799,48.379433
109,Ethiopia,4.2860000000000005,7.524516582,0.740154505,58.5,0.7403430940000001,0.043273505,0.799466252,0.659520864,0.271753967,0.875270963,0.34033333299999996,0.440552592,40.489672999999996,9.145
110,Uganda,4.189,7.45870924,0.7398410440000001,55.70000076,0.7285127640000001,0.088241369,0.8561062220000001,0.685168505,0.39031922799999996,0.50385344,0.4322,0.655502677,32.290275,1.373333
111,Egypt,4.166,9.293959617999999,0.75882405,61.70000076,0.6816544529999999,-0.22292953699999998,,0.49226075399999997,0.28518378699999997,,0.312,0.323928565,26.820553000000004,30.802497999999996
112,Zambia,4.107,8.223958015,0.717720389,55.29999924,0.79062593,0.03664434,0.810731292,0.702697575,0.350962847,0.606715262,0.5274,0.619443059,27.849332,-13.133897
113,Togo,4.085,7.287405491,0.596353889,54.70000076,0.611966252,-0.007062926,0.8085377220000001,0.608448625,0.44645437600000004,0.323221207,0.437666667,0.444903791,0.824782,8.619543
114,India,4.015,8.830280304,0.638051987,60.09999847,0.890443385,0.071806304,0.80526334,0.65728718,0.357458085,0.753280878,0.35100000000000003,0.428205669,78.96288,20.593684
115,Liberia,3.975,6.630169867999999,0.726750135,56.09999847,0.7657695409999999,0.09600263099999999,0.867924094,0.659731567,0.436099499,0.70391202,0.3485,0.661966324,-9.429499,6.4280550000000005
116,Comoros,3.9730000000000003,7.260142326,0.621302962,57.20000076,0.560182333,0.13624751599999999,0.793758333,0.74774158,0.337493658,0.317273706,0.506,0.598217666,43.3333,-11.6455
117,Madagascar,3.9330000000000003,7.279894829,0.665512979,59.09999847,0.551473081,0.00569242,0.889145672,0.752341032,0.362013817,0.442305923,0.43075,0.576086402,46.869107,-18.766947000000002
118,Burundi,3.775,6.541032791,0.484715223,53.40000153,0.6463986039999999,-0.019334173,0.598607659,0.6664415,0.362766594,,0.36,0.6808127159999999,29.918885999999997,-3.3730559999999996
119,Zimbabwe,3.6630000000000003,7.553394794,0.7753884790000001,55.59999847,0.762674868,-0.038383581,0.844208658,0.7101186509999999,0.21172584600000002,0.550507784,0.43200000000000005,0.541771829,29.154857,-19.015438
120,Haiti,3.597,7.416091918999999,0.537975907,55.70000076,0.591468394,0.420986384,0.7204447390000001,0.5841133000000001,0.35872003399999997,0.367896646,0.41100000000000003,0.669433951,-72.28521500000001,18.971187
121,Botswana,3.488,9.680226326,0.794936001,58.90000153,0.817621112,-0.25908401600000003,0.8069454429999999,0.729643226,0.267083704,0.718788147,0.626,0.616160452,24.684866,-22.328474
122,Malawi,3.41,7.005932331,0.527843475,57.59999847,0.798915148,0.06506087599999999,0.765963793,0.586300433,0.36489403200000003,0.572984874,0.42700000000000005,0.7023301120000001,34.301525,-13.254307999999998
123,Yemen,3.38,,0.7894219159999999,56.70000076,0.55272609,,0.7925868629999999,0.461113781,0.31486994,0.308151186,0.35700000000000004,0.44859656700000006,15.552726999999999,48.516388
124,Rwanda,3.3339999999999996,7.567531109,0.616172731,61.09999847,0.924231648,0.057107585999999995,0.163809955,0.793367624,0.308199167,0.9881204370000001,0.48200000000000004,0.647505581,29.873888,-1.940278
125,Tanzania,3.2310000000000003,7.928911209,0.6753304,57.5,0.807142138,0.14175652,0.611534059,0.7620893120000001,0.221005499,0.914648473,0.384666667,0.568629265,-6.369028,34.888822
126,Afghanistan,3.2030000000000003,7.494587898,0.5075158479999999,52.59999847,0.373535544,-0.08488787699999999,0.9276056890000001,0.424125314,0.404904395,0.36466640200000006,,0.290681332,67.709953,33.93911
