,HDI Rank (2017),Country,2010,2011,2012,2013,2014,2015,2016,2017
0,168,Afghanistan,7.8,8.2,7.9,8.5,8.7,8.9,8.8,8.8
1,68,Albania,14.2,14.0,13.4,15.6,17.5,17.1,15.2,13.9
2,85,Algeria,10.0,10.0,11.0,9.8,10.6,11.2,10.2,10.0
3,147,Angola,9.9,7.4,7.4,7.3,7.3,7.3,7.7,8.2
4,47,Argentina,7.4,7.1,7.3,6.6,7.0,6.9,8.4,8.7
5,83,Armenia,19.0,18.4,17.3,16.2,17.5,18.3,18.0,18.2
6,3,Australia,5.2,5.1,5.2,5.7,6.1,6.1,5.7,5.7
7,20,Austria,4.8,4.6,4.9,5.3,5.6,5.7,6.0,5.5
8,80,Azerbaijan,5.6,5.4,5.2,5.0,4.9,5.0,5.0,5.0
9,54,Bahamas,14.3,14.5,14.0,16.2,13.8,12.0,12.7,12.6
10,43,Bahrain,1.1,1.2,1.2,1.2,1.2,1.2,1.3,1.3
11,136,Bangladesh,3.4,3.7,3.9,4.4,4.4,4.4,4.4,4.4
12,58,Barbados,10.7,11.1,11.6,11.6,12.2,11.4,9.7,9.7
13,53,Belarus,1.2,0.7,0.6,0.5,0.5,0.5,0.5,0.5
14,17,Belgium,8.3,7.1,7.5,8.4,8.5,8.5,7.8,7.4
15,106,Belize,11.3,12.9,14.3,11.7,11.6,10.0,7.9,7.6
16,163,Benin,1.0,2.7,2.6,2.6,2.6,2.6,2.5,2.5
17,134,Bhutan,3.3,3.2,2.1,2.9,2.6,2.5,2.4,2.4
18,118,Bolivia (Plurinational State of),2.5,2.2,2.1,2.4,2.0,3.1,3.1,3.1
19,77,Bosnia and Herzegovina,27.2,27.6,28.1,27.5,27.5,26.3,25.1,25.6
20,101,Botswana,17.9,17.8,17.7,17.7,17.6,17.5,17.9,18.1
21,79,Brazil,8.4,6.7,7.2,7.0,6.7,8.4,11.6,12.9
22,39,Brunei Darussalam,6.2,6.1,6.0,5.9,7.0,6.8,6.9,7.1
23,51,Bulgaria,10.3,11.3,12.3,12.9,11.4,9.1,7.6,6.3
24,183,Burkina Faso,4.7,5.1,5.6,6.0,6.5,6.5,6.4,6.3
25,185,Burundi,1.6,1.6,1.5,1.5,1.6,1.6,1.6,1.6
26,125,Cabo Verde,10.7,10.6,10.5,10.4,10.4,10.3,10.3,10.3
27,146,Cambodia,0.4,0.2,0.2,0.3,0.2,0.2,0.2,0.2
28,151,Cameroon,4.1,4.4,4.6,4.9,4.3,4.3,4.3,4.3
29,12,Canada,8.1,7.5,7.3,7.1,6.9,6.9,7.0,6.4
30,188,Central African Republic,6.3,6.3,6.3,6.3,6.3,6.4,6.2,6.0
31,186,Chad,5.8,5.7,5.7,5.7,5.7,5.7,5.8,5.9
32,44,Chile,8.4,7.3,6.7,6.2,6.7,6.5,6.7,7.0
33,86,China,4.2,4.3,4.5,4.5,4.6,4.6,4.7,4.7
34,90,Colombia,10.9,10.2,9.8,9.2,8.5,8.2,8.4,9.0
35,165,Comoros,4.4,4.4,4.4,4.4,4.4,4.4,4.4,4.3
36,137,Congo,14.6,13.1,10.0,10.0,10.0,10.0,10.4,11.0
37,176,Congo (Democratic Republic of the),3.7,3.7,3.7,3.7,3.7,3.7,3.7,3.7
38,63,Costa Rica,8.9,10.2,9.9,9.0,9.1,9.3,9.0,8.5
39,46,Croatia,11.6,13.7,15.9,17.3,17.3,16.2,13.1,10.8
40,73,Cuba,2.5,3.2,3.5,3.3,2.7,2.4,2.4,2.6
41,32,Cyprus,6.3,7.9,11.8,15.9,16.1,14.9,13.0,10.8
42,27,Czechia,7.3,6.7,7.0,7.0,6.1,5.1,4.0,3.1
43,170,Côte d'Ivoire,3.1,3.0,2.9,2.8,2.8,2.7,2.6,2.6
44,11,Denmark,7.5,7.6,7.5,7.0,6.6,6.2,6.2,5.9
45,172,Djibouti,6.2,6.2,6.1,6.0,5.9,5.9,5.8,5.8
46,94,Dominican Republic,5.0,5.8,6.5,7.1,6.4,5.9,5.5,5.5
47,86,Ecuador,4.1,3.5,3.2,3.1,3.5,3.6,4.6,4.9
48,115,Egypt,11.9,11.9,12.6,13.2,13.1,13.1,12.4,12.1
49,121,El Salvador,4.9,4.3,3.9,3.7,4.2,4.0,4.4,4.5
50,141,Equatorial Guinea,5.6,5.6,5.6,5.5,5.5,5.5,6.2,6.9
51,179,Eritrea,6.8,6.8,6.7,6.6,6.6,6.6,6.5,6.4
52,30,Estonia,16.7,12.3,10.0,8.6,7.4,6.2,6.8,6.8
53,144,Eswatini (Kingdom of),27.8,27.5,27.2,26.9,26.6,26.3,26.4,26.4
54,173,Ethiopia,5.2,5.2,5.1,5.0,5.0,5.0,5.1,5.2
55,92,Fiji,8.9,9.0,9.0,7.6,6.2,6.1,6.2,6.3
56,15,Finland,8.4,7.8,7.7,8.2,8.7,9.4,8.8,8.7
57,24,France,8.9,8.8,9.4,9.9,10.3,10.4,10.1,9.7
58,110,Gabon,20.4,20.3,20.3,20.3,20.2,20.2,19.8,19.6
59,174,Gambia,9.4,9.4,9.4,9.4,9.4,9.4,9.4,9.5
60,70,Georgia,16.3,15.1,15.0,14.6,12.4,12.0,11.8,11.6
61,5,Germany,7.0,5.8,5.4,5.2,5.0,4.6,4.1,3.7
62,140,Ghana,5.3,4.5,3.6,2.2,2.2,2.2,2.3,2.4
63,31,Greece,12.7,17.9,24.4,27.5,26.5,24.9,23.5,21.4
64,127,Guatemala,3.7,4.1,2.9,3.3,2.9,2.7,2.8,2.7
65,175,Guinea,4.6,4.5,4.5,4.5,4.5,4.5,4.5,4.5
66,177,Guinea-Bissau,6.3,6.3,6.3,6.3,6.2,6.2,6.2,6.1
67,125,Guyana,10.9,10.8,11.1,11.2,11.7,11.9,11.9,11.8
68,168,Haiti,16.0,13.7,14.1,13.9,13.9,14.1,14.0,14.0
69,133,Honduras,4.1,4.3,3.8,4.1,5.5,4.6,4.7,4.5
70,7,"Hong Kong, China (SAR)",4.3,3.4,3.3,3.4,3.3,3.3,3.4,3.2
71,45,Hungary,11.2,11.0,11.0,10.2,7.7,6.8,5.1,4.3
72,6,Iceland,7.6,7.0,6.0,5.4,4.9,4.0,3.0,2.9
73,130,India,3.5,3.5,3.6,3.5,3.4,3.5,3.5,3.5
74,116,Indonesia,5.6,5.2,4.5,4.3,4.1,4.5,4.1,4.3
75,60,Iran (Islamic Republic of),13.5,12.3,12.2,10.4,10.6,11.1,12.4,13.1
76,120,Iraq,11.2,8.0,8.2,7.9,7.6,7.7,8.0,8.2
77,4,Ireland,13.9,14.6,14.7,13.0,11.3,9.4,7.9,6.4
78,22,Israel,8.5,7.1,6.9,6.2,5.9,5.3,4.8,4.3
79,28,Italy,8.4,8.4,10.7,12.2,12.7,11.9,11.7,11.3
80,97,Jamaica,12.4,12.7,13.9,15.3,13.7,13.5,13.2,12.5
81,19,Japan,5.1,4.6,4.4,4.0,3.6,3.3,3.1,2.8
82,95,Jordan,12.5,12.9,12.2,12.6,11.9,13.1,15.3,14.9
83,58,Kazakhstan,5.8,5.4,5.3,5.2,5.1,4.9,5.0,4.9
84,142,Kenya,12.1,12.0,11.9,11.8,11.7,11.6,11.5,11.5
86,22,Korea (Republic of),3.7,3.4,3.2,3.1,3.5,3.6,3.7,3.8
87,56,Kuwait,1.8,3.6,2.7,2.6,2.9,2.2,2.1,2.1
88,122,Kyrgyzstan,8.6,8.5,8.4,8.3,8.1,7.6,7.2,7.3
89,139,Lao People's Democratic Republic,0.7,0.7,0.7,0.7,0.7,0.7,0.7,0.7
90,41,Latvia,19.5,16.2,15.1,11.9,10.9,9.9,9.6,9.1
91,80,Lebanon,6.3,6.1,6.2,6.2,6.2,6.2,6.2,6.3
92,159,Lesotho,25.9,28.2,23.2,24.6,24.8,27.0,27.8,27.3
93,181,Liberia,2.3,2.3,2.3,2.3,2.3,2.3,2.3,2.4
94,108,Libya,18.6,15.8,19.0,18.7,18.5,18.4,18.4,17.7
95,35,Lithuania,17.8,15.4,13.4,11.8,10.7,9.1,7.9,7.1
96,21,Luxembourg,4.4,4.9,5.1,5.9,5.9,6.7,6.3,5.7
97,161,Madagascar,3.8,2.3,0.6,0.9,1.2,1.8,1.8,1.8
98,171,Malawi,6.7,6.5,6.3,6.0,5.9,5.9,6.0,6.0
99,57,Malaysia,3.3,3.1,3.0,3.1,2.9,3.1,3.4,3.4
100,101,Maldives,4.6,4.7,5.1,5.0,5.2,5.1,5.0,5.0
101,182,Mali,8.1,6.9,7.1,7.3,6.4,7.7,7.8,7.9
102,29,Malta,6.9,6.4,6.3,6.4,5.8,5.4,4.7,4.3
103,159,Mauritania,10.2,10.2,10.1,10.1,10.0,10.0,10.1,10.2
104,65,Mauritius,7.7,7.9,8.2,8.0,7.7,7.9,7.3,7.2
105,74,Mexico,5.3,5.2,4.9,4.9,4.8,4.3,3.9,3.5
106,112,Moldova (Republic of),7.5,6.7,5.6,5.1,3.9,3.7,4.2,4.5
107,92,Mongolia,6.6,4.8,3.9,4.2,4.8,4.9,7.2,7.0
108,50,Montenegro,19.7,19.7,19.7,19.5,18.0,17.5,17.7,16.0
109,123,Morocco,9.1,8.9,9.0,9.2,9.7,9.7,9.4,9.3
110,180,Mozambique,22.2,22.3,22.6,23.3,25.3,25.3,25.2,25.0
111,148,Myanmar,0.8,0.8,0.8,0.8,0.8,0.8,0.8,0.8
112,129,Namibia,22.1,20.8,16.8,19.0,18.5,19.6,23.4,23.3
113,149,Nepal,2.1,2.5,2.9,3.3,3.0,3.1,3.1,2.7
114,10,Netherlands,4.5,5.0,5.8,7.2,7.4,6.9,6.0,4.9
115,16,New Zealand,6.1,6.0,6.4,5.8,5.4,5.4,5.1,4.9
116,124,Nicaragua,7.8,7.2,6.5,5.3,4.5,4.5,4.5,4.4
117,189,Niger,0.9,0.3,0.3,0.3,0.3,0.3,0.3,0.3
118,157,Nigeria,3.9,3.8,3.8,3.7,4.6,4.3,7.1,7.0
119,1,Norway,3.5,3.2,3.1,3.4,3.5,4.3,4.7,4.2
120,48,Oman,18.3,17.9,17.9,17.1,16.4,15.8,15.8,16.0
121,150,Pakistan,0.7,0.8,1.8,3.0,1.8,3.6,3.8,4.0
122,119,"Palestine, State of",23.7,20.9,23.0,23.4,27.0,25.9,27.0,27.9
123,66,Panama,6.5,4.5,4.1,4.1,4.8,4.5,5.5,5.6
124,153,Papua New Guinea,2.0,2.6,2.6,2.6,2.7,2.6,2.6,2.7
125,110,Paraguay,4.6,4.7,4.1,4.4,5.0,4.6,5.3,5.8
126,89,Peru,3.5,3.4,3.1,3.2,3.0,3.0,3.5,3.7
127,113,Philippines,3.6,3.6,3.5,3.5,3.6,3.0,2.7,2.8
128,33,Poland,9.6,9.6,10.1,10.3,9.0,7.5,6.2,5.0
129,41,Portugal,10.8,12.7,15.5,16.2,13.9,12.4,11.1,9.0
130,37,Qatar,0.4,0.6,0.5,0.3,0.2,0.2,0.2,0.2
131,52,Romania,7.0,7.2,6.8,7.1,6.8,6.8,5.9,5.2
132,49,Russian Federation,7.4,6.5,5.4,5.5,5.2,5.6,5.5,5.2
133,158,Rwanda,3.0,3.3,3.4,2.3,1.2,1.2,1.2,1.3
134,90,Saint Lucia,20.6,18.9,19.1,22.2,22.7,24.1,21.3,21.0
135,99,Saint Vincent and the Grenadines,18.8,18.5,18.2,17.9,18.2,18.0,18.2,18.3
136,104,Samoa,4.8,5.7,8.8,8.8,8.7,8.8,8.5,8.2
137,143,Sao Tome and Principe,14.6,14.0,13.6,13.5,13.4,13.3,13.4,13.4
138,39,Saudi Arabia,5.6,5.8,5.5,5.6,5.7,5.6,5.9,5.7
139,164,Senegal,10.2,10.4,9.0,7.7,6.4,4.9,4.9,4.9
140,67,Serbia,19.2,23.0,24.0,22.2,19.2,17.9,15.3,14.1
141,184,Sierra Leone,4.3,4.4,4.5,4.6,4.7,4.7,4.6,4.5
142,9,Singapore,3.2,3.0,2.9,2.8,2.8,1.7,1.8,2.0
143,38,Slovakia,14.4,13.6,14.0,14.2,13.2,11.5,9.7,7.9
144,25,Slovenia,7.2,8.2,8.8,10.1,9.7,9.0,8.0,6.9
145,152,Solomon Islands,2.1,2.1,2.0,2.0,2.0,2.0,2.0,2.1
147,113,South Africa,24.7,24.7,24.7,24.6,24.9,25.2,26.6,27.7
148,187,South Sudan,12.1,11.7,11.3,12.9,12.2,12.0,11.5,11.5
149,26,Spain,19.9,21.4,24.8,26.1,24.4,22.1,19.6,17.4
150,76,Sri Lanka,4.9,4.1,3.9,4.4,4.4,4.7,4.4,4.1
151,167,Sudan,12.9,12.7,12.7,13.0,12.8,12.9,12.8,12.8
152,100,Suriname,7.6,6.9,6.3,4.8,6.9,7.2,8.2,8.1
153,7,Sweden,8.6,7.8,8.0,8.0,7.9,7.4,7.0,6.8
154,2,Switzerland,4.8,4.4,4.5,4.8,4.8,4.8,4.9,4.8
155,155,Syrian Arab Republic,8.6,14.9,14.5,14.4,14.4,14.6,15.0,15.2
156,127,Tajikistan,11.7,11.2,10.8,10.6,10.5,10.4,10.3,10.3
157,154,Tanzania (United Republic of),3.0,3.5,3.2,2.9,2.1,2.1,2.2,2.2
158,83,Thailand,0.6,0.7,0.6,0.5,0.6,0.6,0.9,1.1
159,80,The former Yugoslav Republic of Macedonia,32.0,31.4,31.0,29.0,28.0,26.1,23.7,23.0
160,132,Timor-Leste,3.3,3.3,3.2,3.2,3.3,3.3,3.4,3.4
161,165,Togo,1.9,1.9,1.9,1.9,1.9,1.8,1.8,1.8
162,98,Tonga,1.1,1.1,1.1,1.1,1.1,1.1,1.1,1.2
163,69,Trinidad and Tobago,5.9,4.7,5.0,3.6,3.3,3.4,4.4,4.8
164,95,Tunisia,13.1,18.3,17.6,15.9,15.1,15.2,15.5,15.2
165,64,Turkey,10.7,8.8,8.2,8.7,9.9,10.2,10.8,11.3
166,108,Turkmenistan,4.0,3.8,3.7,3.6,3.6,3.6,3.5,3.4
167,162,Uganda,4.0,3.9,3.6,1.9,1.9,1.9,2.0,2.1
168,88,Ukraine,8.1,7.9,7.5,7.2,9.3,9.1,9.4,9.5
169,34,United Arab Emirates,3.8,3.5,3.2,2.8,2.4,2.1,1.6,1.7
170,14,United Kingdom,7.8,8.0,7.9,7.5,6.1,5.3,4.8,4.3
171,13,United States,9.6,9.0,8.1,7.4,6.2,5.3,4.9,4.4
172,55,Uruguay,7.2,6.3,6.5,6.4,6.6,7.5,7.8,8.1
173,105,Uzbekistan,8.2,8.2,8.1,8.1,8.0,7.9,7.5,7.2
174,138,Vanuatu,5.4,5.4,5.3,5.3,5.3,5.3,5.3,5.2
175,78,Venezuela (Bolivarian Republic of),8.5,7.8,7.4,7.8,7.0,6.8,7.9,8.1
176,116,Viet Nam,2.6,2.0,1.8,2.0,1.9,2.1,2.1,2.1
177,178,Yemen,17.8,15.4,15.0,14.3,13.5,13.1,13.5,13.8
178,144,Zambia,13.2,10.0,7.9,7.8,7.8,7.8,7.8,7.8
179,156,Zimbabwe,5.3,5.4,5.4,5.3,5.3,5.2,5.2,5.2
