Country name,Life Ladder,Log GDP per capita,Social support,Healthy life expectancy at birth,Generosity,Freedom to make life choices,Perceptions of corruption,Confidence in national government,Happiness score
Finland,7.85810709,10.63605976,0.9621550440000001,71.90000153,-0.131735161,0.9378073809999999,0.198604837,0.555102229,7.769
Denmark,7.648785591,10.75559425,0.958218873,72.40000153,0.015592853,0.935437799,0.15060743699999998,0.6324784760000001,7.6
Norway,7.444262028,11.08562565,0.965961933,73.19999695,0.075728491,0.9604290129999999,0.26820144100000004,0.6795029640000001,7.553999999999999
Netherlands,7.463097095,10.8092041,0.939443171,72.30000305,0.155536488,0.919985175,0.370557785,0.656541049,7.4879999999999995
Switzerland,7.508586884,10.97594547,0.9302909970000001,74.09999847,0.096368961,0.9264145490000001,0.301259965,0.84997946,7.48
Sweden,7.3747920989999995,10.76693249,0.93067956,72.59999847,0.069573253,0.9417246579999999,0.26279658100000003,0.49439624,7.343
New Zealand,7.370285987999999,10.50147724,0.9538627270000001,73.19999695,0.11675003199999999,0.94930017,0.20658022199999998,0.64246124,7.307
Canada,7.175496578,10.70124817,0.922718763,73.59999847,0.09796612699999999,0.9457829,0.37174084799999996,0.610466897,7.278
Austria,7.396001816,10.74189281,0.911668122,73.0,0.051552333,0.9041119809999999,0.52306056,0.488678724,7.246
Australia,7.17699337,10.721020699999999,0.940137267,73.59999847,0.137795404,0.916028142,0.40464749899999997,0.46883687399999996,7.228
Costa Rica,7.141074657000001,9.669425964,0.875872433,71.30000305,-0.10419601199999999,0.941888332,0.7813017959999999,0.47997778700000004,7.167000000000001
Israel,6.92717886,10.4245739,0.90959543,73.30000305,0.052549962,0.7246623040000001,0.770134807,0.42232972399999996,7.138999999999999
Luxembourg,7.2426309589999995,11.45392799,0.902192414,72.59999847,-0.025496062000000003,0.883929849,0.385146111,0.755200863,7.09
United Kingdom,7.233445167999999,10.59694767,0.9284839029999999,72.30000305,0.22199814,0.83750838,0.404276013,0.420859873,7.053999999999999
Ireland,6.962335587,11.16332817,0.937862396,72.30000305,0.139783427,0.861471593,0.36221024399999996,0.618405282,7.021
Germany,7.118364334,10.73094463,0.9197631479999999,72.19999695,0.030199649,0.8768875,0.49567395399999997,0.592990577,6.985
Belgium,6.89217186,10.672445300000001,0.9298155309999999,72.0,-0.12727834300000002,0.808386624,0.630411804,0.44194454,6.922999999999999
United States,6.882684707999999,10.92246532,0.9038560390000001,68.30000305,0.107713386,0.824606657,0.709928274,0.3138161,6.892
Czech Republic,7.034165382,10.41947365,0.929163933,70.30000305,-0.294359624,0.790132403,0.851382256,0.420783311,6.852
Mexico,6.5495786670000005,9.769919395,0.858068883,68.30000305,-0.181818426,0.816200495,0.8086380959999999,0.294568479,6.595
France,6.665903567999999,10.57335186,0.921463072,73.80000305,-0.141567126,0.8163772229999999,0.581775308,0.38054743399999996,6.5920000000000005
Chile,6.436220646000001,10.06591988,0.890084922,69.90000153,-0.070615843,0.78853035,0.8162974120000001,0.334744155,6.444
Guatemala,6.626591682000001,8.923428535,0.8411072490000001,64.80000305,-0.011167034,0.909538031,0.7654544120000001,0.45706442,6.436
Spain,6.513370991,10.46559429,0.9103146790000001,74.40000153,-0.079350598,0.7222506999999999,0.776504457,0.285195619,6.354
Panama,6.2814340589999995,10.049730300000002,0.904389799,69.59999847,-0.122782208,0.861448109,0.83693099,0.277477711,6.321000000000001
Brazil,6.190921782999999,9.557932854,0.881505251,66.40000153,-0.126326516,0.75060904,0.763251305,0.16818665,6.3
Uruguay,6.371714592000001,9.959661484,0.9173156020000001,69.0,-0.10845141900000001,0.876210928,0.682916045,0.36170604799999995,6.292999999999999
El Salvador,6.276246071,8.911958693999999,0.8239991659999999,66.09999847,-0.096786909,0.863207281,0.826600015,0.323992044,6.252999999999999
Italy,6.516526699,10.48051643,0.912656128,73.59999847,-0.023462268999999997,0.650009274,0.8878248329999999,0.206626192,6.223
Slovakia,6.23511076,10.35223579,0.922378719,68.90000153,-0.179692462,0.757634044,0.909944654,0.327658623,6.1979999999999995
Uzbekistan,6.205460072,8.773365021,0.9208210109999999,65.09999847,0.311694622,0.969897985,0.520360112,0.969356358,6.1739999999999995
Lithuania,6.308878899,10.33951187,0.929350138,67.30000305,-0.24097855399999998,0.698945105,0.851745069,0.323758096,6.149
Colombia,5.983512402000001,9.511734009,0.870970428,67.69999695,-0.15504799800000002,0.850765765,0.854820907,0.274869502,6.125
Slovenia,6.249419212,10.39720345,0.9409711959999999,71.09999847,-0.12239641,0.942045867,0.839252532,0.239274636,6.117999999999999
Nicaragua,5.81895256,8.614512443999999,0.8542765379999999,67.5,0.002830009,0.797056854,0.712824762,0.343466878,6.105
Argentina,5.792796612,9.809971809,0.899911582,68.80000305,-0.206936628,0.8458946940000001,0.8552552459999999,0.261352271,6.086
Romania,6.150878906,10.11209297,0.81793046,67.19999695,-0.220031843,0.84515959,0.921170175,0.226351306,6.07
Ecuador,6.128010272999999,9.27445507,0.8513450029999999,68.5,-0.104021087,0.869363725,0.8307431940000001,0.402085185,6.028
Thailand,6.0115618710000005,9.734828949,0.873052418,67.19999695,0.251650214,0.90482825,0.906596005,0.6053644420000001,6.007999999999999
Latvia,5.901154041,10.18411732,0.913276315,66.80000305,-0.21699953100000002,0.608207643,0.7989492420000001,0.19716229999999998,5.94
South Korea,5.840231419,10.51157761,0.79772383,73.59999847,-0.09396584300000001,0.600161672,0.7968258859999999,0.389084011,5.895
Estonia,6.091302395,10.32410717,0.9326937790000001,68.59999847,-0.144664913,0.885618389,0.620677948,0.42020258299999996,5.893
Mauritius,5.88174057,9.956447601,0.90884155,66.40000153,-0.082134947,0.866928101,0.78524971,0.619251132,5.888
Japan,5.793575287,10.58161831,0.886431932,75.0,-0.272972286,0.77347213,0.686784506,0.38488039399999996,5.886
Honduras,5.908423901,8.439203262000001,0.8270670179999999,67.19999695,0.10572869300000001,0.872161686,0.803564787,0.39891368200000005,5.86
Kazakhstan,6.00763607,10.111166,0.936656713,64.59999847,-0.108595312,0.84018296,0.82378298,0.615031958,5.809
Bolivia,5.915734291000001,8.860530853,0.8271594640000001,63.59999847,-0.08756835,0.863246858,0.7860445979999999,0.399588227,5.779
Peru,5.679661274,9.434348106,0.84530139,68.09999847,-0.188079551,0.8296419979999999,0.9062446359999999,0.202403098,5.697
Portugal,5.9198226929999995,10.26201248,0.887113273,72.40000153,-0.262738109,0.8774042129999999,0.87972784,0.520630658,5.693
Pakistan,5.471553802000001,8.561663628,0.6850594879999999,58.5,0.053521562,0.77256912,0.798841655,0.58938849,5.653
Russia,5.513500214,10.13239002,0.908726096,64.30000305,-0.15622630699999998,0.7292821999999999,0.865311563,0.45583874,5.648
Philippines,5.869172572999999,8.985702515,0.8458032609999999,61.90000153,-0.11312916099999999,0.917808175,0.726483345,0.8020071390000001,5.631
Serbia,5.9364933970000004,9.584803581000001,0.852945328,68.19999695,-0.09851145,0.739891827,0.8637235759999999,0.47614499899999996,5.603
Moldova,5.682277203,8.592376709,0.89207989,65.0,-0.033677354,0.823824346,0.928719878,0.237631857,5.529
Montenegro,5.650189877000001,9.732954979,0.8559796209999999,68.5,-0.04869676,0.626431286,0.768922508,0.398499161,5.523
Croatia,5.536271095,10.06575108,0.909806848,70.19999695,-0.15252924,0.6908556220000001,0.9254083040000001,0.248180911,5.432
Dominican Republic,5.433215617999999,9.626997948,0.8619863390000001,65.80000305,-0.15095129599999998,0.866641581,0.76227355,0.42177102,5.425
Bosnia and Herzegovina,5.887401103999999,9.402726173,0.835889578,67.80000305,0.124626905,0.658846438,0.912857771,0.254097164,5.386
Turkey,5.185689449,10.1489172,0.847027302,66.80000305,-0.18165372300000002,0.528629065,0.804878533,0.513677061,5.372999999999999
Malaysia,5.338817596,10.23550415,0.789408565,67.0,0.112881355,0.874548256,0.894131124,0.7323983909999999,5.3389999999999995
Belarus,5.233769894,9.778738976,0.9045692679999999,66.09999847,-0.181864843,0.6436023710000001,0.718455493,0.421278685,5.3229999999999995
Greece,5.40928936,10.13205814,0.793500781,72.40000153,-0.336384535,0.564455688,0.8603023890000001,0.157048658,5.287000000000001
Mongolia,5.464622974,9.41570282,0.9415141340000001,62.29999924,0.040724155,0.695546806,0.8485022190000001,0.270371318,5.285
Macedonia,5.239834785,9.503044127999999,0.84891516,67.5,-0.04029087,0.744800925,0.909934342,0.39614158899999996,5.274
Nigeria,5.252288342,8.577632904,0.740854204,49.70000076,-0.020767037,0.789881051,0.8656026720000001,0.45174095,5.265
Kyrgyzstan,5.297383308,8.151305199,0.8981478209999999,64.09999847,0.287731975,0.94494766,0.907405317,0.49706554399999997,5.261
Azerbaijan,5.1679954530000005,9.678013802,0.781229913,65.5,-0.251795292,0.772449255,0.561206281,0.834371924,5.207999999999999
Lebanon,5.167186737,9.507958412,0.8293806309999999,67.09999847,-0.066325933,0.60703069,0.906650305,0.219074845,5.197
Indonesia,5.340295792,9.362827301,0.809378862,62.09999847,0.49937781700000006,0.879374385,0.867729425,0.837602735,5.192
Cameroon,5.250737667,8.133470535,0.676825225,52.70000076,0.032506917,0.816304982,0.8844416140000001,0.6452263,5.044
Bulgaria,5.098813534,9.873218536,0.9238532779999999,66.80000305,-0.179109603,0.7243359090000001,0.952014446,0.218995899,5.011
Ivory Coast,5.26837492,8.236133575,0.620882571,49.5,-0.036959659,0.7125900390000001,0.7909668679999999,0.535438716,4.944
Nepal,4.910086632,7.851007462,0.7683355209999999,63.5,0.132780746,0.770093679,0.741752803,0.648398161,4.913
Benin,5.81982708,7.663907051,0.503544033,54.29999924,0.024661165,0.713264048,0.7465107440000001,0.639219761,4.883
Congo (Brazzaville),5.490214347999999,8.473278999,0.6206229329999999,57.90000153,-0.124500982,0.69870007,0.7380201820000001,0.473673612,4.812
Gabon,4.783009052,9.718316077999999,0.78482759,59.70000076,-0.217487514,0.7191354040000001,0.82286346,0.311373711,4.7989999999999995
South Africa,4.8839220999999995,9.411724091,0.841343999,56.5,-0.059033662,0.752731323,0.841192603,0.5246858,4.7219999999999995
Albania,5.004402637,9.412399292,0.683591664,68.69999695,0.005384951,0.824212313,0.8991293909999999,0.435337961,4.718999999999999
Venezuela,5.005663395,9.270280838,0.886882067,66.5,-0.176155597,0.610855222,0.827560008,0.260699689,4.707
Senegal,4.769377232,7.850693702999999,0.7393547890000001,59.59999847,-0.061628065999999995,0.629223466,0.80477947,0.588927925,4.681
Namibia,4.834087848999999,9.15621376,0.864214778,56.5,-0.17572915600000003,0.75390476,0.845942497,0.62446779,4.638999999999999
Niger,5.164007187,6.844517708,0.612025678,53.5,0.023082649,0.790665627,0.637166798,0.7479238509999999,4.628
Burkina Faso,4.92723608,7.47052002,0.664859474,53.90000153,-0.004381241,0.7207434770000001,0.757398605,0.622255087,4.587
Armenia,5.062448502,9.119423866,0.8144490120000001,66.90000153,-0.14910869300000001,0.807643652,0.676826358,0.670827627,4.559
Iran,4.278117657,9.886064529,0.6737647059999999,66.0,0.044715501,0.603319883,0.7034397720000001,0.549940705,4.548
Guinea,5.25222683,7.633718013999999,0.630433142,54.40000153,0.10001128199999999,0.731157243,0.778393805,0.59172374,4.534
Georgia,4.659097195,9.229100227,0.617218554,64.5,-0.219247594,0.7751441,0.754853785,0.30000618100000004,4.519
Kenya,4.655702591,8.03267765,0.706719875,60.09999847,0.30665308199999997,0.8214129809999999,0.844244063,0.6753672959999999,4.5089999999999995
Mauritania,4.3136153219999995,8.196549416,0.8015955090000001,57.0,-0.09545145199999999,0.46688854700000004,0.7105292679999999,0.258394152,4.49
Mozambique,4.653713703,7.039377689,0.7384804490000001,54.20000076,0.053591630999999994,0.896621585,0.691220403,0.8320379259999999,4.466
Tunisia,4.741132259,9.304473877000001,0.732953548,66.90000153,-0.203248903,0.6496800779999999,0.84011662,0.349490464,4.461
Bangladesh,4.499217033,8.22074604,0.705556035,64.30000305,-0.038008336000000004,0.90147084,0.7014212009999999,0.8316931129999999,4.456
Mali,4.415729523,7.627428055,0.6918590659999999,51.70000076,-0.031888556,0.737204552,0.793091416,0.510795414,4.39
Sierra Leone,4.305683136,7.26616621,0.649638355,50.79999924,0.101580702,0.716484487,0.855733216,0.7797262070000001,4.374
Sri Lanka,4.400223255,9.400387764,0.828065395,67.19999695,0.08676241300000001,0.852628171,0.85801667,0.57613039,4.3660000000000005
Myanmar,4.410633087,8.685232162,0.773825943,59.0,0.469964564,0.906110823,0.6467258929999999,0.878752649,4.36
Chad,4.4863252639999995,7.472574711,0.57725358,48.20000076,0.011340086000000001,0.650354564,0.762879312,0.57743603,4.35
Ukraine,4.661909103,9.012026787,0.9009367229999999,64.59999847,-0.05504196099999999,0.6630550620000001,0.9429607390000001,0.079710059,4.332
Ethiopia,4.3792624469999994,7.524516582,0.740154505,58.5,0.043273505,0.7403430940000001,0.799466252,0.875270963,4.2860000000000005
Uganda,4.321714878,7.45870924,0.7398410440000001,55.70000076,0.088241369,0.7285127640000001,0.8561062220000001,0.50385344,4.189
Zambia,4.041488171,8.223958015,0.717720389,55.29999924,0.03664434,0.79062593,0.810731292,0.606715262,4.107
Togo,4.022894859,7.287405491,0.596353889,54.70000076,-0.007062926,0.611966252,0.8085377220000001,0.323221207,4.085
India,3.818068743,8.830280304,0.638051987,60.09999847,0.071806304,0.890443385,0.80526334,0.753280878,4.015
Liberia,4.134852886,6.630169867999999,0.726750135,56.09999847,0.09600263099999999,0.7657695409999999,0.867924094,0.70391202,3.975
Comoros,3.9728195669999997,7.260142326,0.621302962,57.20000076,0.13624751599999999,0.560182333,0.793758333,0.317273706,3.9730000000000003
Madagascar,4.070586681,7.279894829,0.665512979,59.09999847,0.00569242,0.551473081,0.889145672,0.442305923,3.9330000000000003
Zimbabwe,3.616479874,7.553394794,0.7753884790000001,55.59999847,-0.038383581,0.762674868,0.844208658,0.550507784,3.6630000000000003
Haiti,3.614928007,7.416091918999999,0.537975907,55.70000076,0.420986384,0.591468394,0.7204447390000001,0.367896646,3.597
Botswana,3.4613657,9.680226326,0.794936001,58.90000153,-0.25908401600000003,0.817621112,0.8069454429999999,0.718788147,3.488
Malawi,3.3346335889999996,7.005932331,0.527843475,57.59999847,0.06506087599999999,0.798915148,0.765963793,0.572984874,3.41
Rwanda,3.5610466,7.567531109,0.616172731,61.09999847,0.057107585999999995,0.924231648,0.163809955,0.9881204370000001,3.3339999999999996
Tanzania,3.445023298,7.928911209,0.6753304,57.5,0.14175652,0.807142138,0.611534059,0.914648473,3.2310000000000003
Afghanistan,2.6943032739999997,7.494587898,0.5075158479999999,52.59999847,-0.08488787699999999,0.373535544,0.9276056890000001,0.36466640200000006,3.2030000000000003
